###### COLLECTED KNOWN CASES ######





### Case A-1 ###

f=cyclotomic_polynomial(1)^6
g=cyclotomic_polynomial(2)^6
M=matrix([
[   0,    0,    0,    0,    1,    1,    1,    1,    1,    1,    1,    2,    2,    3,    3,    7],
[  -3,   -3,   -1,   -1,  -16,  -11,  -10,   -6,   -5,   -5,   -2,  -14,   -9,  -18,  -15,  -39],
[   0,    0,    0,    4,    5,   11,   22,   14,   10,   11,    1,   27,   16,   42,   42,   90],
[ -10,   -8,   -6,   -6,  -40,  -36,  -31,  -22,  -10,  -32,   -8,  -58,  -23,  -52,  -50, -106],
[   0,    0,    0,    4,    0,    3,   20,   12,    5,    5,    0,   19,   15,   35,   35,   63],
[  -4,   -2,   -2,   -1,   -9,  -10,   -9,   -8,   -1,  -13,   -2,  -25,   -5,  -10,  -15,  -15]])
M1=matrix([
[  -61,   -45,   -11,   -11,   -10,    -9,    -7,    -6,    -6,    -4,    -3,    -1,    -1,    -1,    -1,    -1,     0,     0,     0,     0,     0,     0,     0,     1,     1,     1,     1,     2,     2,     3,     3,     7],
[ -355,  -256,   -65,   -60,   -59,   -51,   -65,   -34,   -33,   -21,   -17,   -14,    -8,    -7,    -6,    -5,    -4,    -3,    -2,    -2,    -1,    -1,    -1,    -6,    -5,    -2,     0,   -14,    -9,   -18,   -15,   -39],
[ -850,  -593,  -158,  -132,  -144,  -126,  -159,   -73,   -83,   -44,   -39,    -3,   -15,   -10,    -5,   -10,     7,     0,    -2,     0,     0,     2,     4,    14,    10,     1,     1,    27,    16,    42,    42,    90],
[-1062,  -718,  -210,  -146,  -186,  -154,  -184,   -79,  -105,   -46,   -46,   -42,   -26,   -30,   -27,   -10,   -11,   -10,    -4,    -4,    -6,    -5,    -6,   -22,   -10,    -8,    -7,   -58,   -23,   -52,   -50,  -106],
[ -705,  -450,  -135,   -81,  -126,  -105,  -105,   -41,   -70,   -24,   -28,    -1,   -14,    -5,    -6,    -5,     7,     0,    -2,     0,     0,     1,     4,    12,     5,     0,     0,    19,    15,    35,    35,    63],
[ -231,  -120,   -61,   -18,   -51,   -35,   -27,    -9,   -22,    -5,    -7,   -14,    -7,   -11,    -9,    -1,    -3,    -4,    -1,    -1,    -2,    -2,    -1,    -8,    -1,    -2,    -3,   -25,    -5,   -10,   -15,   -15]])
print(verify_infinite_order(f,g,M,M1))





### Case A-2 ###

f=cyclotomic_polynomial(1)^6
g=cyclotomic_polynomial(2)^4*cyclotomic_polynomial(3)
M=matrix([
[  0,   0,   0,   0,   1,   1,   1,   4,   5],
[ -1,  -1,  -1,  -1,  -5,  -5,  -1, -19, -19],
[ -1,   0,   0,   4,  10,  10,  10,  42,  32],
[ -4,  -1,  -1,  -6, -10, -10, -13, -58, -32],
[ -1,   0,   1,   4,   5,   7,   7,  46,  19],
[ -1,  -1,  -2,  -1,  -1,  -3,  -4, -15,  -5]])
M1=matrix([
[ -1,  -1,  -1,   0,   0,   0,   0,   0,   1,   1,   1,   4,   5],
[ -5,  -4,  -1,  -2,  -1,  -1,  -1,   0,  -5,  -5,  -1, -19, -19],
[ -8,  -7,  -1,   1,  -3,   0,   4,   0,  10,  10,  10,  42,  32],
[-14,  -7,  -1,  -1,  -4,  -1,  -6,  -2, -10, -10, -13, -58, -32],
[-11,  -4,  -1,   0,  -3,   1,   4,   1,   5,   7,   7,  46,  19],
[ -5,  -1,  -1,  -1,  -1,  -2,  -1,  -1,  -1,  -3,  -4, -15,  -5]])
print(verify_infinite_order(f,g,M,M1))





### Case A-3 ###

f=cyclotomic_polynomial(1)^6
g=cyclotomic_polynomial(2)^4*cyclotomic_polynomial(4)
M=matrix([
[  0,   0,   0,   0,   1,   1,   1,   1,   1],
[ -1,  -1,  -1,  -1,  -6,  -5,  -4,  -4,  -2],
[ -2,   0,   4,   4,  13,  10,   7,   8,   1],
[ -2,  -1,  -7,  -6, -14, -10,  -7,  -8,   0],
[ -2,   0,   6,   4,   8,   5,   4,   5,   0],
[ -1,  -1,  -2,  -1,  -2,  -1,  -1,  -2,  -4]])
print(verify_infinite_order(f,g,M))





### Case A-4 ###

f=cyclotomic_polynomial(1)^6
g=cyclotomic_polynomial(2)^4*cyclotomic_polynomial(6)
M=matrix([
[  0,   0,   0,   1,   1,   1],
[ -1,  -1,  -1,  -5,  -3,  -1],
[ -1,   2,   4,  10,   4,   3],
[  0,  -2,  -6, -10,  -4,  -5],
[ -1,   2,   4,   5,   3,   4],
[ -1,  -1,  -1,  -1,  -1,  -2]])
print(verify_infinite_order(f,g,M))





### Case A-5 ###

f=cyclotomic_polynomial(1)^6
g=cyclotomic_polynomial(2)^2*cyclotomic_polynomial(3)^2
M=matrix([
[   0,    0,    0,    0,    0,    0,    1,    1,    1,    1,    5,   11,   23],
[  -1,   -1,   -1,   -1,   -1,   -1,   -6,   -5,   -3,   -1,  -25,  -66, -127],
[   0,    0,    0,    1,    2,    4,   14,   10,    8,    0,   66,  154,  290],
[  -3,   -3,   -2,   -3,   -3,   -6,  -18,  -10,  -14,   -6,  -81, -188, -338],
[   0,    1,    0,    2,    1,    4,   12,    5,    9,    1,   56,  123,  199],
[  -1,   -2,   -1,   -1,   -1,   -1,   -5,   -1,   -6,   -3,  -21,  -34,  -47]])
print(verify_infinite_order(f,g,M))





### Case A-6 ###

f=cyclotomic_polynomial(1)^6
g=cyclotomic_polynomial(2)^2*cyclotomic_polynomial(3)*cyclotomic_polynomial(4)
M=matrix([
[  0,   0,   0,   0,   1,   1,   7],
[ -6,  -1,  -1,  -1,  -5,   0, -25],
[ 17,   0,   0,   4,  10,   0,  50],
[-22,  -2,  -2,  -6, -10,   0, -70],
[ 17,   0,   0,   4,   5,   0,  55],
[ -6,  -2,  -1,  -1,  -1,  -1, -17]])
print(verify_infinite_order(f,g,M))





### Case A-7 ###

f=cyclotomic_polynomial(1)^6
g=cyclotomic_polynomial(2)^2*cyclotomic_polynomial(3)*cyclotomic_polynomial(6)
M=matrix([
[  0,   0,   0,   1,   1,   7],
[ -1,  -1,  -1,  -5,   0, -25],
[  0,   2,   4,  10,   0,  50],
[ -1,  -2,  -6, -10,  -1, -70],
[  0,   2,   4,   5,   2,  55],
[ -1,  -1,  -1,  -1,  -2, -17]])
print(verify_infinite_order(f,g,M))





### Case A-8 ###

f=cyclotomic_polynomial(1)^6
g=cyclotomic_polynomial(2)^2*cyclotomic_polynomial(4)^2
M=matrix([
[  0,   0,   0,   1,   1,   1,  12],
[ -2,  -1,  -1,  -5,  -1,  -1, -33],
[  0,   3,   4,  10,   1,   4,  44],
[ -3,  -4,  -6, -10,  -1,  -5, -54],
[  0,   3,   4,   5,   1,   3,  48],
[ -2,  -1,  -1,  -1,  -1,  -2, -17]])
print(verify_infinite_order(f,g,M))





### Case A-9 ###

f=cyclotomic_polynomial(1)^6
g=cyclotomic_polynomial(2)^2*cyclotomic_polynomial(4)*cyclotomic_polynomial(6)
M=matrix([
[  0,   0,   0,   0,   1,   1,   1],
[ -1,  -1,  -1,  -1,  -5,  -4,  -1],
[  0,   0,   2,   4,  10,   8,   2],
[ -1,  -1,  -2,  -6, -10, -10,  -2],
[  0,   1,   2,   4,   5,   7,   1],
[ -1,  -1,  -1,  -1,  -1,  -2,  -1]])
print(verify_infinite_order(f,g,M))





### Case A-10 ###

f=cyclotomic_polynomial(1)^6
g=cyclotomic_polynomial(2)^2*cyclotomic_polynomial(5)
M=matrix([
[    0,     0,     0,     0,     0,     1,     1,   277],
[   -8,    -1,    -1,    -1,    -1,    -5,    -2,  -685],
[   25,     0,     0,     0,     4,    10,     5,   970],
[  -34,    -2,    -1,     0,    -6,   -10,    -6, -1570],
[   25,     0,     0,     0,     4,     5,     4,  1585],
[   -8,    -1,    -2,    -1,    -1,    -1,    -2,  -577]])
print(verify_infinite_order(f,g,M))





### Case A-11 ###

f=cyclotomic_polynomial(1)^6
g=cyclotomic_polynomial(2)^2*cyclotomic_polynomial(6)^2
M=matrix([
[   0,    0,    0,    1,    1,   21],
[  -1,   -1,   -1,   -5,   -2,  -78],
[   1,    3,    4,   10,    4,  131],
[  -2,   -4,   -6,  -10,   -5, -135],
[   1,    3,    4,    5,    4,   84],
[  -1,   -1,   -1,   -1,   -2,  -23]])
print(verify_infinite_order(f,g,M))





### Case A-12 ###

f=cyclotomic_polynomial(1)^6
g=cyclotomic_polynomial(2)^2*cyclotomic_polynomial(8)
M=matrix([
[  0,   0,   0,   0,   1,   1,   3],
[ -1,  -1,  -1,  -1,  -5,   0, -10],
[  0,   0,   2,   4,  10,   0,  20],
[ -1,   0,  -2,  -6, -10,   0, -30],
[  0,   0,   2,   4,   5,   0,  25],
[ -2,  -1,  -1,  -1,  -1,  -1,  -8]])
print(verify_infinite_order(f,g,M))





### Case A-13 ###

f=cyclotomic_polynomial(1)^6
g=cyclotomic_polynomial(2)^2*cyclotomic_polynomial(10)
M=matrix([
[  0,   0,   0,   0,   1,   1,   4],
[ -1,  -1,  -1,  -1,  -5,  -1, -15],
[  0,   0,   2,   4,  10,   1,  30],
[  0,   0,  -2,  -6, -10,  -1, -40],
[  0,   1,   2,   4,   5,   1,  30],
[ -1,  -1,  -1,  -1,  -1,  -1,  -9]])
print(verify_infinite_order(f,g,M))





### Case A-14 ###

f=cyclotomic_polynomial(1)^6
g=cyclotomic_polynomial(2)^2*cyclotomic_polynomial(12)
M=matrix([
[  0,   0,   0,   0,   1,   1,   3],
[ -1,  -1,  -1,  -1,  -5,   0, -10],
[  0,   0,   2,   4,  10,   0,  20],
[  0,   0,  -2,  -6, -10,   0, -30],
[  0,   1,   2,   4,   5,   0,  25],
[ -1,  -1,  -1,  -1,  -1,  -1,  -8]])
print(verify_infinite_order(f,g,M))





### Case A-31 ###

f=cyclotomic_polynomial(1)^6
g=cyclotomic_polynomial(4)*cyclotomic_polynomial(12)
M=matrix([
[  0,   0,   0,   1,   1,   4],
[-35,  -4,  -1,  -5,  -4, -20],
[ 78,   6,   4,  10,   8,  55],
[-86,  -7,  -6, -10,  -8, -85],
[ 78,   6,   4,   5,   5,  65],
[-35,  -4,  -1,  -1,  -2, -19]])
print(verify_finite_order(f,g,M))





### Case A-37 ###

f=cyclotomic_polynomial(1)^6
g=cyclotomic_polynomial(7)
M=matrix([
[  0,   0,   0,   1,   1,   4],
[-31,  -1,  -1,  -5,  -1, -20],
[ 74,   0,   4,  10,   3,  55],
[-86,  -1,  -6, -10,  -5, -85],
[ 74,   0,   4,   5,   4,  65],
[-31,  -1,  -1,  -1,  -2, -19]])
print(verify_finite_order(f,g,M))





### Case A-38 ###

f=cyclotomic_polynomial(1)^6
g=cyclotomic_polynomial(9)
M=matrix([
[  0,   0,   0,   1,   1,   4],
[-29,  -2,  -1,  -5,  -2, -20],
[ 72,   2,   4,  10,   5,  55],
[-86,  -3,  -6, -10,  -7, -85],
[ 72,   2,   4,   5,   5,  65],
[-29,  -2,  -1,  -1,  -2, -19]])
print(verify_finite_order(f,g,M))





### Case C-2 ###

f=cyclotomic_polynomial(1)^4*cyclotomic_polynomial(3)
g=cyclotomic_polynomial(2)^4*cyclotomic_polynomial(4)
M=matrix([
[  0,   0,   0,   1,   1,   1,   1,   1,   2,   3,   3,   5,   5,   5,   6,  13,  21],
[ -7,  -3,  -1,  -8,  -5,  -3,  -2,  -1, -17, -15, -11, -28, -16, -14, -37, -44, -68],
[ -4,   0,   1,  -4,  -2,   2,   1,   1,  -8,  -3,  -1, -11,  11,  12, -16,  20,  42],
[-10,  -2,   0, -11,  -8,  -4,  -1,  -1, -24, -20, -17, -44, -16,  -8, -54, -57, -74],
[ -4,   0,   1,  -3,  -3,   1,   2,   1,  -8,  -6,  -5, -16,   6,  11, -14,   5,  21],
[ -7,  -3,  -1,  -7,  -7,  -5,  -1,  -1, -16, -19, -16, -34, -22, -14, -37, -65, -94]])
M1=matrix([
[ -39,  -30,  -26,  -21,  -13,   -7,   -6,   -5,   -5,   -2,   -1,   -1,   -1,    0,    0,    1,    1,    1,    3,    5,    5,    6,   13,   21],
[-138, -106,  -91, -178, -117,  -24,  -61,  -42,  -34,  -24,   -5,   -5,   -3,   -1,   -1,   -3,   -2,   -1,  -11,  -16,  -14,  -37,  -44,  -68],
[-207, -159, -135, -126,  -86,  -36,  -56,  -29,  -24,  -22,   -6,   -5,   -4,   -2,    1,    2,    1,    1,   -1,   11,   12,  -16,   20,   42],
[-209, -161, -136, -242, -161,  -36, -102,  -56,  -48,  -40,   -9,   -9,   -4,   -2,    0,   -4,   -1,   -1,  -17,  -16,   -8,  -54,  -57,  -74],
[-166, -128, -109, -105,  -71,  -29,  -58,  -24,  -23,  -22,   -6,   -6,   -3,   -2,    1,    1,    2,    1,   -5,    6,   11,  -14,    5,   21],
[ -73,  -56,  -47, -152,  -96,  -12,  -61,  -36,  -34,  -25,   -5,   -6,   -1,   -1,   -1,   -5,   -1,   -1,  -16,  -22,  -14,  -37,  -65,  -94]])
print(verify_infinite_order(f,g,M,M1))





### Case C-3 ###

f=cyclotomic_polynomial(1)^4*cyclotomic_polynomial(3)
g=cyclotomic_polynomial(2)^4*cyclotomic_polynomial(6)
M=matrix([
[ 0,  0,  0,  0,  1,  1,  1,  1,  1,  1,  3],
[-3, -2, -1, -1, -7, -6, -5, -3, -2, -1, -9],
[ 0,  1,  0,  1,  0,  1,  0,  0,  1,  1,  8],
[-2, -2, -3,  0, -5, -3, -3, -1, -1, -1, -6],
[ 0,  1,  1,  1,  1,  0,  1,  0,  2,  1,  6],
[-3, -2, -3, -1, -6, -5, -6, -3, -1, -1, -8]])
M1=matrix([
[ -87,  -75,  -54,  -14,   -3,   -1,   -1,   -1,    0,    0,    0,    0,    1,    1,    3],
[-210, -183, -129,  -33,  -17,   -4,   -4,   -2,   -3,   -1,   -1,   -1,   -2,   -1,   -9],
[-135, -120,  -81,  -21,   -3,   -2,   -1,   -1,    1,   -1,    0,    1,    1,    1,    8],
[ -89,  -78,  -54,  -14,  -12,   -3,   -3,   -1,   -3,    0,   -3,    0,   -1,   -1,   -6],
[-206, -180, -127,  -33,   -1,   -2,   -2,   -2,    0,   -1,    1,    1,    2,    1,    6],
[-137, -122,  -83,  -21,  -18,   -4,   -5,   -1,   -1,   -1,   -3,   -1,   -1,   -1,   -8]])
print(verify_infinite_order(f,g,M,M1))





### Case C-4 ###

f=cyclotomic_polynomial(1)^4*cyclotomic_polynomial(3)
g=cyclotomic_polynomial(2)^2*cyclotomic_polynomial(4)^2
M=matrix([
[   0,    0,    0,    0,    0,    0,    1,    1,    1,    1,    2,    3,   16,   48,   49],
[ -62,  -61,   -2,   -2,   -1,   -1,   -3,   -2,   -1,    0,  -46,  -28,  -93, -114, -109],
[  58,    1,    0,    0,    0,    1,    1,    1,    0,    1,   14,    6,   57,   37,   47],
[ -63,  -49,   -2,   -2,   -2,    0,   -3,   -1,   -2,   -1,  -65,  -23,  -65,  -39,  -40],
[  13,   70,    0,    0,    0,    1,   -1,    2,    1,    0,   55,    0,   30,   65,   46],
[ -49,  -64,   -3,   -1,   -1,   -1,   -3,   -1,   -1,   -1,  -63,  -13,  -48, -100,  -96]])
print(verify_infinite_order(f,g,M))





### Case C-5 ###

f=cyclotomic_polynomial(1)^4*cyclotomic_polynomial(3)
g=cyclotomic_polynomial(2)^2*cyclotomic_polynomial(5)
M=matrix([
[ 0,  0,  0,  0,  0,  0,  1,  1],
[-2, -1, -1, -1, -1, -1, -2,  0],
[ 1, -1,  0,  0,  0,  1,  1,  1],
[-2, -1, -2, -1,  0,  0, -1, -1],
[ 0,  0,  1, -1,  0,  1,  2,  0],
[-1, -1, -2, -1, -1, -1, -1, -1]])
print(verify_infinite_order(f,g,M))





### Case C-6 ###

f=cyclotomic_polynomial(1)^4*cyclotomic_polynomial(3)
g=cyclotomic_polynomial(2)^2*cyclotomic_polynomial(8)
M=matrix([
[ 0,  0,  0,  0,  0,  0,  0,  1,  1],
[-2, -2, -2, -1, -1, -1, -1, -2,  0],
[ 1,  2,  2,  0,  0,  1,  1,  1,  1],
[ 0, -1,  0, -1,  0, -1,  0, -1, -1],
[ 2,  2,  1,  1,  0,  0,  1,  2,  0],
[-2, -2, -2, -1, -1, -1, -1, -1, -1]])
print(verify_infinite_order(f,g,M))





### Case C-7 ###

f=cyclotomic_polynomial(1)^4*cyclotomic_polynomial(3)
g=cyclotomic_polynomial(2)^2*cyclotomic_polynomial(10)
M=matrix([
[   0,    0,    0,    0,    0,    1,    1,    3,   69,   78,   82,   91,   91,  140,  140],
[-195,   -2,   -1,   -1,   -1,   -2,   -1, -140, -173,  -42, -404, -195, -133, -419, -322],
[ 280,    0,    0,    1,    1,    1,    1,  223,    0,    0,  280,  231,   29,  224,    0],
[-302,    0,    0,   -1,    0,   -1,   -1, -305,  -20, -182,  -33, -182,   49,    0,    0],
[ 244,    1,    0,    1,    1,    2,    1,  280,  313,  182,  102,   91,   42,  117,  371],
[-140,   -1,   -1,   -2,   -1,   -1,   -1, -174, -302,  -91, -140,  -91, -133, -175, -302]])
print(verify_infinite_order(f,g,M))





### Case C-8 ###

f=cyclotomic_polynomial(1)^4*cyclotomic_polynomial(3)
g=cyclotomic_polynomial(2)^2*cyclotomic_polynomial(12)
M=matrix([
[ 0,  0,  0,  0,  0,  1,  1,  1,  1,  2],
[-2, -1, -1, -1, -1, -2, -2, -2, -1, -2],
[ 1,  0,  1,  1,  1,  1,  1,  3,  1,  1],
[ 0,  0, -1,  0,  0, -1,  0, -2, -1, -1],
[ 1,  1,  1,  0,  1,  2,  1,  2,  2,  1],
[-1, -1, -1, -1, -1, -1, -2, -2, -2, -1]])
print(verify_infinite_order(f,g,M))





### Case C-11 ###

f=cyclotomic_polynomial(1)^4*cyclotomic_polynomial(4)
g=cyclotomic_polynomial(2)^4*cyclotomic_polynomial(3)
M=matrix([
[  0,   0,   0,   0,   0,   1,   1,   1,   1,   1,   1,   3,   3,   6],
[ -9,  -4,  -4,  -2,  -1,  -6,  -3,  -3,  -3,  -1,  -1, -18, -11, -21],
[ -4,   0,   0,   0,   2,  -1,  -1,   4,   6,   1,   3,   0,  18,  31],
[-22, -10,  -7,  -5,  -2, -12,  -8,  -4,  -7,  -1,  -4, -61, -18, -30],
[ -4,   0,  -1,   0,   2,  -2,  -1,   3,   6,   1,   0, -11,  14,  24],
[ -9,  -5,  -3,  -2,  -1,  -4,  -3,  -1,  -3,  -1,  -4, -29,  -6, -10]])
M1=matrix([
[ -1994,   -415,     -6,     -3,     -1,     -1,     -1,     -1,      0,      0,      0,      0,      0,      1,      1,      1,      1,      3,      6],
[ -8911,  -1859,    -40,    -21,     -8,     -6,     -6,     -4,     -5,     -4,     -3,     -1,     -1,     -3,     -3,     -1,     -1,    -11,    -21],
[-17117,  -3580,    -42,    -19,     -5,    -10,     -8,     -7,    -17,      0,     -1,     -3,      2,      4,      6,      1,      3,     18,     31],
[-18485,  -3876,   -114,    -60,    -21,    -15,    -18,     -7,    -24,     -7,     -7,     -4,     -2,     -4,     -7,     -1,     -4,    -18,    -30],
[-11550,  -2429,    -35,    -15,     -5,    -10,     -7,     -4,    -19,     -1,      0,     -3,      2,      3,      6,      1,      0,     14,     24],
[ -3335,   -705,    -51,    -26,     -8,     -6,     -8,     -1,     -7,     -3,     -4,     -1,     -1,     -1,     -3,     -1,     -4,     -6,    -10]])
print(verify_infinite_order(f,g,M,M1))





### Case C-12 ###

f=cyclotomic_polynomial(1)^4*cyclotomic_polynomial(4)
g=cyclotomic_polynomial(2)^2*cyclotomic_polynomial(3)^2
M=matrix([
[    0,     0,     0,     0,     0,     0,     1,     1,    77,   165,   198],
[ -321,    -1,    -1,    -1,    -1,    -1,    -3,     0,  -308,  -583,  -683],
[   52,    -1,     0,     0,     1,     2,     4,     1,  -462,   847,   887],
[    0,    -1,    -3,    -1,    -5,    -2,    -4,    -1,  -473, -1782,  -835],
[   52,     0,     0,    -1,     0,     2,     3,     0,   448,   682,  -298],
[ -666,    -1,    -1,    -1,    -2,    -1,    -1,    -1,  -165,  -212,  -152]])
print(verify_infinite_order(f,g,M))





### Case C-13 ###

f=cyclotomic_polynomial(1)^4*cyclotomic_polynomial(4)
g=cyclotomic_polynomial(2)^2*cyclotomic_polynomial(3)*cyclotomic_polynomial(6)
M=matrix([
[  0,   0,   0,   0,   0,   1,   1,   1,   3,   6],
[ -2,  -1,  -1,  -1,  -1,  -3,  -3,  -1, -11, -21],
[  2,   0,   0,   1,   2,   4,   6,   1,  18,  31],
[ -3,  -2,  -1,  -2,  -2,  -4,  -7,  -1, -18, -30],
[  1,   1,   0,   1,   2,   3,   6,   1,  14,  24],
[ -2,  -2,  -1,  -1,  -1,  -1,  -3,  -1,  -6, -10]])
print(verify_infinite_order(f,g,M))





### Case C-14 ###

f=cyclotomic_polynomial(1)^4*cyclotomic_polynomial(4)
g=cyclotomic_polynomial(2)^2*cyclotomic_polynomial(5)
M=matrix([
[  0,   0,   0,   0,   1,   1,   1,   1,   1,   3,   3,   6],
[ -1,  -1,  -1,  -1,  -6,  -5,  -3,  -3,  -1, -12, -11, -21],
[  0,   0,   1,   2,   0,   8,   4,   6,   1,  18,  18,  31],
[ -2,   0,  -1,  -2, -11,  -8,  -4,  -7,  -1, -30, -18, -30],
[  0,   0,   1,   2,   9,   0,   3,   6,   1,  14,  14,  24],
[ -1,  -1,  -5,  -1,  -4,  -3,  -1,  -3,  -1,  -6,  -6, -10]])
print(verify_infinite_order(f,g,M))





### Case C-15 ###

f=cyclotomic_polynomial(1)^4*cyclotomic_polynomial(4)
g=cyclotomic_polynomial(2)^2*cyclotomic_polynomial(6)^2
M=matrix([
[   0,    0,    0,    0,    0,    1,    1,    2,    2,    4,    7,   10,   12,   12,   14,   17,   36,   41,   63,   76,  132,  151],
[  -5,   -3,   -2,   -1,   -1,   -3,   -2,  -10,   -8,  -14,  -24,  -51,  -65,  -58,  -49,  -80, -127, -152, -216, -263, -465, -528],
[  11,    6,    3,    2,    2,    4,    3,   15,   14,   18,   35,   74,  116,   86,   68,  126,  172,  222,  314,  380,  708,  794],
[ -13,  -10,   -5,   -3,   -2,   -4,   -3,  -16,  -15,  -17,  -38,  -76, -134,  -88,  -69, -132, -162, -212, -332, -386, -742, -828],
[   9,    7,    3,    2,    2,    3,    2,    9,   10,   12,   32,   48,   88,   53,   54,   81,  120,  153,  279,  320,  592,  671],
[  -5,   -4,   -2,   -1,   -1,   -1,   -1,   -4,   -6,   -7,  -16,  -29,  -41,  -30,  -30,  -36,  -63,  -76, -132, -151, -249, -284]])
print(verify_infinite_order(f,g,M))





### Case C-16 ###

f=cyclotomic_polynomial(1)^4*cyclotomic_polynomial(4)
g=cyclotomic_polynomial(2)^2*cyclotomic_polynomial(8)
M=matrix([
[  0,   0,   0,   0,   1,   1,   1,   1,   2,   3,   6],
[ -4,  -2,  -2,  -1, -10,  -3,  -3,  -1, -12, -11, -21],
[  0,   1,   1,   2,  20,   4,   6,   1,  20,  18,  31],
[ -8,  -2,  -1,  -2, -26,  -4,  -7,  -1, -20, -18, -30],
[ 10,   1,   0,   2,  20,   3,   6,   1,  14,  14,  24],
[-11,  -2,  -1,  -1, -10,  -1,  -3,  -1,  -7,  -6, -10]])
print(verify_infinite_order(f,g,M))





### Case C-17 ###

f=cyclotomic_polynomial(1)^4*cyclotomic_polynomial(4)
g=cyclotomic_polynomial(2)^2*cyclotomic_polynomial(10)
M=matrix([
[  0,   0,   0,   0,   1,   1,   1,   1,   1,   1,   3,   3,   6],
[ -7,  -1,  -1,  -1,  -7,  -5,  -3,  -3,  -1,  -1, -11, -11, -21],
[  8,   1,   1,   2,  12,   6,   4,   6,   1,   2,  16,  18,  31],
[ -5,  -2,  -1,  -2, -12,  -7,  -4,  -7,  -1,  -2, -18, -18, -30],
[  4,   1,   1,   2,   7,   7,   3,   6,   1,   1,  14,  14,  24],
[ -3,  -1,  -1,  -1,  -3,  -3,  -1,  -3,  -1,  -1,  -5,  -6, -10]])
print(verify_infinite_order(f,g,M))





### Case C-18 ###

f=cyclotomic_polynomial(1)^4*cyclotomic_polynomial(4)
g=cyclotomic_polynomial(2)^2*cyclotomic_polynomial(12)
M=matrix([
[  0,   0,   0,   0,   0,   0,   0,   0,   1,   1,   1,   2,   3,   6,   7,  12,  14],
[ -6,  -6,  -5,  -2,  -2,  -1,  -1,  -1,  -3,  -3,  -1,  -9, -11, -21, -26, -41, -44],
[  5,   9,   7,   2,   4,   0,   0,   2,   4,   6,   1,  12,  18,  31,  40,  58,  57],
[ -5, -14,  -5,  -1,  -5,  -1,  -1,  -2,  -4,  -7,  -1, -15, -18, -30, -44, -56, -54],
[  7,  10,   7,   1,   3,   0,   3,   2,   3,   6,   1,  16,  14,  24,  34,  40,  42],
[ -5,  -5,  -5,  -1,  -2,  -1,  -3,  -1,  -1,  -3,  -1,  -7,  -6, -10, -12, -14, -16]])
print(verify_infinite_order(f,g,M))





### Case C-19 ###

f=cyclotomic_polynomial(1)^4*cyclotomic_polynomial(4)
g=cyclotomic_polynomial(7)
M=matrix([
[  0,   0,   0,   0,   0,   1,   1,   1,   1,   2,   2,   3,  10],
[ -2,  -1,  -1,  -1,  -1,  -3,  -3,  -1,  -1,  -9,  -9, -11, -37],
[  1,   0,   0,   0,   2,   4,   6,   1,   5,  12,  12,  18,  59],
[ -1,  -2,  -1,  -1,  -2,  -4,  -3,  -3,  -5, -16, -16, -18, -62],
[  0,   0,   0,   1,   2,   3,   2,   2,   1,   8,  12,  18,  52],
[ -1,  -1,  -1,  -1,  -1,  -1,  -3,  -1,  -1,  -4,  -5, -10, -22]])
print(verify_finite_order(f,g,M))





### Case C-20 ###

f=cyclotomic_polynomial(1)^4*cyclotomic_polynomial(4)
g=cyclotomic_polynomial(9)
M=matrix([
[  0,   0,   0,   0,   1,   1,   1,   1,   1,   1,   2,   3,   6],
[ -2,  -1,  -1,  -1,  -5,  -5,  -5,  -3,  -3,  -2,  -7, -10, -21],
[  4,   1,   2,   2,   7,   8,   9,   3,   4,   3,   9,  14,  32],
[ -6,  -1,  -3,  -2,  -6,  -8, -10,  -3,  -4,  -3,  -8, -15, -34],
[  6,   1,   2,   2,   4,   5,   7,   3,   3,   2,   6,  13,  27],
[ -3,  -1,  -1,  -1,  -2,  -2,  -3,  -2,  -1,  -1,  -3,  -6, -11]])
print(verify_finite_order(f,g,M))





### Case C-21 ###

f=cyclotomic_polynomial(1)^4*cyclotomic_polynomial(6)
g=cyclotomic_polynomial(2)^4*cyclotomic_polynomial(3)
M=matrix([
[    0,     0,     0,     0,     1,     1,     1,     1,     1,     1,     8,    33,    94,   209],
[   -4,    -3,    -1,    -1,    -7,    -7,    -5,    -4,    -2,    -1,   -39,  -157,  -437,  -951],
[    1,     0,     0,     3,     4,    14,    10,     7,     0,     1,    83,   324,   877,  1862],
[   -7,    -7,    -4,    -4,   -25,   -23,   -17,    -7,    -4,    -1,  -102,  -379,  -992, -2049],
[    0,     0,     0,     3,     1,    12,     7,     4,     0,     1,    71,   261,   655,  1307],
[   -2,    -3,    -1,    -1,   -10,   -10,    -8,    -1,    -2,    -1,   -33,   -94,  -209,  -390]])
M1=matrix([
[ -599,  -390,  -209,   -94,   -34,   -33,    -8,    -2,    -1,    -1,    -1,     0,     0,     0,     0,     1,     1,     1,     1,     8,    33,    94,   209],
[-2692, -1741, -1435,  -679,  -151,  -259,   -73,   -29,    -6,    -6,    -4,    -4,    -2,    -1,    -1,    -7,    -5,    -4,    -1,   -39,  -157,  -437,  -951],
[-5201, -3339,  -992,  -379,  -289,  -102,   -17,     3,   -10,    -7,    -7,     1,     0,    -3,     3,    14,    10,     7,     1,    83,   324,   877,  1862],
[-5647, -3598, -4975, -2308,  -310,  -841,  -214,   -74,   -15,   -21,    -7,    -7,    -7,    -4,    -4,   -23,   -17,    -7,    -1,  -102,  -379,  -992, -2049],
[-3548, -2241,  -437,  -157,  -193,   -39,    -5,     7,   -10,    -4,    -4,     0,     1,    -3,     3,    12,     7,     4,     1,    71,   261,   655,  1307],
[-1033,  -643, -1996,  -907,   -55,  -322,   -79,   -25,    -6,    -9,    -1,    -2,    -4,    -1,    -1,   -10,    -8,    -1,    -1,   -33,   -94,  -209,  -390]])
print(verify_infinite_order(f,g,M,M1))





### Case C-22 ###

f=cyclotomic_polynomial(1)^4*cyclotomic_polynomial(6)
g=cyclotomic_polynomial(2)^2*cyclotomic_polynomial(3)^2
M=matrix([
[    0,     0,     0,     0,     0,     0,     0,     1,     1,     1,     1,     2,     7,    28,    68,   123,   189],
[   -7,    -2,    -2,    -1,    -1,    -1,    -1,    -4,    -4,    -1,    -1,    -8,   -35,  -133,  -312,  -547,  -822],
[    7,     1,     4,     0,     0,     0,     3,     7,     8,     0,     0,    20,    70,   273,   615,  1041,  1532],
[   -5,    -6,    -5,    -3,    -2,    -1,    -4,    -7,    -9,    -6,    -2,   -26,   -91,  -322,  -679, -1107, -1605],
[    7,     0,     3,     0,     1,     0,     3,     4,     6,     0,     0,    19,    72,   217,   426,   674,   972],
[   -7,    -2,    -2,    -1,    -1,    -1,    -1,    -1,    -2,    -4,    -2,    -9,   -28,   -68,  -123,  -189,  -271]])
print(verify_infinite_order(f,g,M))





### Case C-23 ###

f=cyclotomic_polynomial(1)^4*cyclotomic_polynomial(6)
g=cyclotomic_polynomial(2)^2*cyclotomic_polynomial(3)*cyclotomic_polynomial(4)
M=matrix([
[    0,     0,     0,     0,     1,     1,     2,     2,    14,    15,    46,    53,    61,   143,   176,   358,   402],
[   -1,    -1,    -1,    -1,    -4,    -1,   -12,   -11,   -68,   -73,  -227,  -251,  -290,  -662,  -819, -1707, -1834],
[    0,     0,     1,     3,     7,     1,    17,    20,   143,   153,   448,   515,   598,  1322,  1646,  3316,  3603],
[   -2,    -2,    -3,    -4,    -7,    -1,   -36,   -32,  -176,  -193,  -492,  -599,  -701, -1487, -1866, -3594, -3982],
[    0,     1,     1,     3,     4,     1,    14,    17,   122,   129,   311,   407,   478,   974,  1235,  2242,  2556],
[   -1,    -2,    -1,    -1,    -1,    -1,   -15,   -14,   -53,   -61,   -89,  -143,  -176,  -308,  -402,  -630,  -775]])
print(verify_infinite_order(f,g,M))





### Case C-24 ###

f=cyclotomic_polynomial(1)^4*cyclotomic_polynomial(6)
g=cyclotomic_polynomial(2)^2*cyclotomic_polynomial(4)^2
M=matrix([
[   0,    0,    0,    0,    0,    0,    1,    1,    1,    1,    3,    8,    8],
[  -5,   -1,   -1,   -1,   -1,   -1,   -5,   -4,   -1,   -1,  -18,  -44,  -41],
[  12,    0,    0,    1,    1,    3,   10,    7,    1,    1,   38,   89,   80],
[ -14,   -3,   -2,   -3,   -1,   -4,  -13,   -7,   -1,   -1,  -45, -100,  -86],
[   9,    0,    1,    0,    1,    3,   10,    4,    1,    1,   30,   62,   51],
[  -3,   -1,   -1,   -1,   -1,   -1,   -4,   -1,   -2,   -1,   -9,  -17,  -14]])
print(verify_infinite_order(f,g,M))





### Case C-25 ###

f=cyclotomic_polynomial(1)^4*cyclotomic_polynomial(6)
g=cyclotomic_polynomial(2)^2*cyclotomic_polynomial(5)
M=matrix([
[   0,    0,    0,    0,    0,    1,    1,    1,    1,    5,   15,   33,   58],
[  -1,   -1,   -1,   -1,   -1,   -4,   -4,   -1,   -1,  -24,  -70, -150, -265],
[   0,    0,    0,    0,    3,    7,   10,    1,    1,   51,  141,  293,  508],
[  -2,   -2,   -2,   -1,   -4,   -7,  -13,   -1,   -1,  -60, -159, -321, -545],
[   0,    0,    1,    0,    3,    4,   10,    0,    1,   42,  105,  204,  337],
[  -2,   -1,   -2,   -1,   -1,   -1,   -5,   -1,   -1,  -15,  -33,  -60,  -94]])
print(verify_infinite_order(f,g,M))





### Case C-26 ###

f=cyclotomic_polynomial(1)^4*cyclotomic_polynomial(6)
g=cyclotomic_polynomial(2)^2*cyclotomic_polynomial(8)
M=matrix([
[   0,    0,    0,    0,    0,    0,    1,    1,    1,    1,    5,   13,   24,   34],
[  -5,   -2,   -2,   -1,   -1,   -1,   -6,   -4,   -1,   -1,  -24,  -60, -107, -158],
[  10,    1,    1,    0,    0,    3,   10,    7,    1,    1,   49,  119,  204,  297],
[ -12,   -4,   -1,   -3,    0,   -4,  -14,   -7,   -1,   -1,  -60, -133, -217, -311],
[  10,    0,    0,    2,    0,    3,   12,    4,    1,    1,   41,   83,  131,  187],
[  -5,   -2,   -1,   -2,   -1,   -1,   -5,   -1,   -2,   -1,  -13,  -24,  -37,  -51]])
print(verify_infinite_order(f,g,M))





### Case C-27 ###

f=cyclotomic_polynomial(1)^4*cyclotomic_polynomial(6)
g=cyclotomic_polynomial(2)^2*cyclotomic_polynomial(10)
M=matrix([
[   0,    0,    0,    0,    1,    1,    1,    4,    8,    9,   14],
[  -5,   -1,   -1,   -1,   -6,   -4,   -1,  -19,  -35,  -41,  -61],
[  11,    0,    1,    3,   10,    7,    1,   38,   63,   80,  113],
[ -13,   -1,   -1,   -4,  -13,   -7,   -1,  -46,  -62,  -88, -116],
[  11,    0,    1,    3,   11,    4,    1,   31,   35,   53,   66],
[  -5,   -1,   -1,   -1,   -4,   -1,   -1,   -9,  -10,  -14,  -17]])
print(verify_infinite_order(f,g,M))





### Case C-28 ###

f=cyclotomic_polynomial(1)^4*cyclotomic_polynomial(6)
g=cyclotomic_polynomial(2)^2*cyclotomic_polynomial(12)
M=matrix([
[   0,    0,    0,    0,    0,    1,    1,    1,    2,    2,    9,   21,   33,   40],
[  -6,   -2,   -1,   -1,   -1,   -7,   -4,   -1,  -11,   -9,  -43,  -96, -144, -167],
[  11,    3,    0,    1,    3,    8,    7,    1,   20,   18,   88,  188,  267,  296],
[ -11,   -2,   -1,   -2,   -4,  -10,   -7,   -1,  -27,  -23, -106, -206, -274, -293],
[  11,    1,    0,    3,    3,   10,    4,    1,   24,   17,   72,  125,  157,  166],
[  -6,   -1,   -1,   -2,   -1,   -6,   -1,   -1,   -9,   -6,  -21,  -33,  -40,  -43]])
print(verify_infinite_order(f,g,M))





### Case C-33 ###

f=cyclotomic_polynomial(1)^4*cyclotomic_polynomial(6)
g=cyclotomic_polynomial(7)
M=matrix([
[   0,    0,    0,    0,    1,    1,    1,    1,    1,    2,    9,   24],
[  -4,   -2,   -1,   -1,   -4,   -4,   -3,   -3,   -1,   -9,  -43, -111],
[   9,    1,    1,    3,    7,   10,    2,    8,    2,   21,   90,  221],
[ -13,   -1,   -3,   -4,   -7,  -12,   -4,  -11,   -1,  -26, -105, -246],
[  10,    1,    1,    3,    4,    8,    3,    8,    1,   21,   73,  159],
[  -4,   -2,   -1,   -1,   -1,   -3,   -2,   -3,   -2,   -9,  -24,  -47]])
print(verify_finite_order(f,g,M))





### Case C-34 ###

f=cyclotomic_polynomial(1)^4*cyclotomic_polynomial(6)
g=cyclotomic_polynomial(9)
M=matrix([
[   0,    0,    0,    0,    1,    1,    1,    1,    1,    4,    4,    8,   12,   15],
[  -5,   -2,   -1,   -1,   -6,   -6,   -6,   -4,   -1,  -19,  -19,  -36,  -52,  -63],
[   9,    2,    2,    3,   10,   12,   13,    7,    1,   38,   38,   69,   96,  113],
[ -10,   -3,   -3,   -4,  -13,  -13,  -16,   -7,   -1,  -46,  -43,  -74,  -99, -114],
[   5,    2,    2,    3,    9,    9,   12,    4,    1,   31,   28,   45,   58,   66],
[  -2,   -2,   -1,   -1,   -4,   -3,   -4,   -1,   -1,  -11,   -8,  -12,  -15,  -17]])
print(verify_finite_order(f,g,M))





### Case C-35 ###

f=cyclotomic_polynomial(1)^2*cyclotomic_polynomial(3)*cyclotomic_polynomial(4)
g=cyclotomic_polynomial(2)^2*cyclotomic_polynomial(5)
M=matrix([
[   0,    0,    0,    0,    1,    1,    1,    2,    2,    2,    7,   12,   53,   84,   84,   91,  105,  129,  140,  169,  187,  189,  284,  288,  304],
[  -2,   -1,   -1,   -1,   -7,   -1,    0,   -2,    0,    0,   -5,   -6, -140,    0,   56,   15,  -21,  155, -120,  119, -410,  -84,   20,  -99, -239],
[   0,   -1,   -1,    0,    0,   -1,    1,   -1,    0,    1,    0,    0,  208,  140,  -36,  210,  105,  149,    0,   70, -328,  168,   45,  204,  319],
[  -2,   -2,   -1,   -2,  -11,   -2,   -1,   -6,   -4,   -6,  -16,  -35, -173, -204, -168, -175,  -70, -213, -105, -134, -635, -273, -249, -408, -424],
[   0,   -1,   -1,    0,   -1,   -1,    0,   -1,   -3,   -6,    0,   -7,   56,  -84,  -21,   20,  -99, -120,    0, -239,   30,  119, -140,   15,  155],
[  -1,   -1,   -1,   -2,  -15,   -1,   -1,   -2,   -2,   -4,   -7,  -11, -173, -105,  -84, -330, -189, -269,  -84, -154, -393, -288, -129, -169, -284]])
print(verify_infinite_order(f,g,M))





### Case C-36 ###

f=cyclotomic_polynomial(1)^2*cyclotomic_polynomial(3)*cyclotomic_polynomial(4)
g=cyclotomic_polynomial(2)^2*cyclotomic_polynomial(5)
M=matrix([
[ 0,  0,  0,  1,  1,  1,  1,  1,  1,  1,  1,  1,  1,  1,  2,  2,  2,  2,  3,  3,  3,  3],
[-1, -1, -1, -2, -2, -1, -1, -1,  0,  0,  0,  0,  0,  0, -1,  0,  1,  1, -2, -2, -1,  0],
[-1, -1,  0, -1, -1,  0,  0,  2,  0,  0,  1,  1,  1,  1,  2,  3,  1,  2,  1,  3,  2,  1],
[-3, -1, -1, -5, -4, -2, -1, -2, -2, -2, -2, -2, -1, -1, -3, -3, -2, -3, -7, -4, -4, -3],
[-1, -1,  0,  0,  0,  0,  0,  0, -1,  0, -1, -1, -1,  0,  1,  0, -2, -1, -2,  1,  0, -1],
[-1, -1, -1, -3, -3, -1, -1, -2, -1, -1, -2, -1, -2, -1, -3, -4, -2, -3, -3, -3, -2, -2]])
print(verify_infinite_order(f,g,M))





### Case C-37 ###

f=cyclotomic_polynomial(1)^2*cyclotomic_polynomial(3)*cyclotomic_polynomial(6)
g=cyclotomic_polynomial(2)^2*cyclotomic_polynomial(5)
M=matrix([
[ 0,  0,  0,  0,  0,  0,  1,  1,  1,  1],
[-1, -1, -1, -1, -1, -1, -2, -1, -1, -1],
[-1,  0,  0,  0,  0,  1,  1,  0,  1,  1],
[-1, -2, -1, -1,  0, -1, -2, -1, -2, -1],
[-1,  0,  0,  1,  0,  0,  1,  0,  1,  1],
[-1, -1, -2, -1, -1, -1, -1, -1, -2, -1]])
print(verify_infinite_order(f,g,M))





### Case C-38 ###

f=cyclotomic_polynomial(1)^2*cyclotomic_polynomial(3)*cyclotomic_polynomial(6)
g=cyclotomic_polynomial(2)^2*cyclotomic_polynomial(8)
M=matrix([
[  0,   0,   0,   0,   0,   1,   1,   1,   1,   1,   1,   1,   1,   2,   2,   2,   3,   3,   4,   4,   4,   4,   4,   6,   7,  10,  11,  14,  15,  22,  26,  30,  30],
[ -8,  -3,  -3,  -3,  -1,  -8,  -4,  -2,  -2,  -2,  -1,  -1,  -1,  -5,   0,   0, -12,  -8,  -7,  -6,  -4,  -4,  -3, -16,  -7, -17, -12, -22,   0, -37, -30, -34, -30],
[  0,   0,   1,   2,   0,   0,   2,  -1,   1,   2,   1,   1,   2,   2,   0,   0,   3,   0,   4,   3,   1,   2,   1,   6,  22,   8,   5,  12,   0,  37,  15,  30,  26],
[ -9,  -1,   0,  -1,  -1,  -4,  -2,  -2,  -4,  -1,  -1,  -1,  -2,  -2,  -3,  -2,  -4,  -8,  -6,  -6,  -4,  -5,  -3, -10, -22, -17, -14, -22,  -4, -22, -15, -45, -30],
[  5,   0,   1,   0,   0,   4,   4,   1,   0,   1,   0,   1,   0,   4,   0,  -1,   9,   6,   6,   6,   2,   2,   0,  15,  18,  16,   5,  18,   0,  22,  30,  45,  15],
[ -6,  -1,  -3,  -3,  -2,  -5,  -4,  -2,  -2,  -2,  -3,  -1,  -2,  -4,  -2,  -2, -10,  -6,  -4,  -4,  -2,  -2,  -3, -14, -22, -11,  -6, -13, -15, -26, -30, -30, -15]])
print(verify_infinite_order(f,g,M))





### Case C-40 ###

f=cyclotomic_polynomial(1)^2*cyclotomic_polynomial(4)^2
g=cyclotomic_polynomial(2)^2*cyclotomic_polynomial(3)^2
M=matrix([
[  0,   0,   0,   0,   0,   0,   1,   6,   6,  15,  17,  19,  23,  30,  36],
[ -3,  -2,  -2,  -1,  -1,  -1,  -4,   3,   7,  -6, -28,  -2, -40, -43, -49],
[  0,  -3,   0,  -1,   0,   0,   0,  12,  16,  -5,  54,   8,  76,  62,  68],
[ -8,  -4,  -4,  -3,  -2,  -2, -10, -29, -16, -14, -56,  -8, -76, -66, -68],
[ -4,  -3,   1,  -1,   0,   0,  -2,   4,  10,  -5,  22, -11,  53,  34,  32],
[ -4,  -2,  -2,  -1,  -2,  -1,  -3, -17, -23,  -6, -30,  -6, -36, -38, -19]])
print(verify_infinite_order(f,g,M))





### Case C-41 ###

f=cyclotomic_polynomial(1)^2*cyclotomic_polynomial(4)^2
g=cyclotomic_polynomial(2)^2*cyclotomic_polynomial(5)
M=matrix([
[  0,   0,   0,   0,   0,   1,   2,   3,   3,   5,   5,   6,   7,   8,   8,  10,  11,  13,  15],
[ -4,  -1,  -1,  -1,  -1,  -7,   3,  -9,  -9,  -8,  -2,  -9,  -4, -13,  -5, -15, -17, -23, -19],
[  0,  -1,   0,   0,   0,   4,   2,   2,   7,  18,  10,  10,   6,  15,  -1,  22,  31,  30,  28],
[ -5,  -2,  -3,  -2,  -2,  -9,  -2, -13, -16, -18, -21, -21,  -6, -30,  -8, -22, -34, -45, -29],
[  0,   0,   0,  -1,   0,  -3,   0,   5,   8,  13,   7,   0,  -1,  11,  -1,  12,  12,  23,  11],
[ -4,  -1,  -1,  -1,  -2,  -6,  -5,  -8, -13, -10, -11,  -6,  -2, -11,  -5,  -7, -15, -18, -18]])
print(verify_infinite_order(f,g,M))





### Case C-43 ###

f=cyclotomic_polynomial(1)^2*cyclotomic_polynomial(4)*cyclotomic_polynomial(6)
g=cyclotomic_polynomial(2)^2*cyclotomic_polynomial(3)^2
M=matrix([
[   0,    0,    0,    0,    0,    1,    1,    1,    1,    2,    2,    7,   15,   24,   53,   84,   97],
[  -3,   -3,   -2,   -1,   -1,   -4,   -3,   -2,   -1,   -5,   -4,   -6,   -7,  -65, -135, -199, -219],
[  -1,    0,    2,   -1,    1,    3,    4,    4,    1,    8,    5,   28,   -3,  114,  200,  285,  310],
[  -8,  -10,   -6,   -2,   -2,  -12,   -5,   -5,   -1,   -8,   -4,  -45,  -16, -116, -204, -304, -327],
[  -1,   -1,    1,   -1,    1,    0,    3,    4,    1,    5,    2,   19,   -3,   75,  149,  216,  205],
[  -3,   -4,   -4,   -1,   -1,   -7,   -3,   -2,   -1,   -2,   -1,  -24,   -7,  -53,  -84, -103,  -87]])
print(verify_infinite_order(f,g,M))





### Case C-44 ###

f=cyclotomic_polynomial(1)^2*cyclotomic_polynomial(4)*cyclotomic_polynomial(6)
g=cyclotomic_polynomial(2)^2*cyclotomic_polynomial(5)
M=matrix([
[ 0,  0,  0,  0,  0,  1,  1,  1,  1,  2,  2,  2],
[-1, -1, -1, -1, -1, -3, -3, -2, -1, -5, -5, -4],
[ 0,  0,  0,  0,  1,  4,  4,  4,  1,  7,  8,  5],
[-4, -2, -1,  0, -1, -6, -4, -5, -1, -8, -8, -4],
[ 1,  0,  1,  0,  0,  4,  1,  4,  1,  4,  5,  2],
[-4, -1, -1, -1, -1, -2, -1, -2, -1, -2, -2, -1]])
print(verify_infinite_order(f,g,M))





### Case C-45 ###

f=cyclotomic_polynomial(1)^2*cyclotomic_polynomial(4)*cyclotomic_polynomial(6)
g=cyclotomic_polynomial(2)^2*cyclotomic_polynomial(8)
M=matrix([
[   0,    0,    0,    0,    0,    1,    1,    2,    2,    8,   11,   22,   38,   49,   55,   59,   60,   66,   88,  108,  114,  114],
[  -9,   -5,   -4,   -3,   -1,   -2,   -1,   -5,   -4,  -27,  -55,  -77,  -59, -142,  -77,  -69, -169, -176, -198, -210, -304, -282],
[  14,    3,    0,    4,    0,    4,    1,    8,    5,   40,   55,   83,  113,  284,   77,   85,  245,  253,  264,  258,  511,  401],
[ -18,   -3,   -6,   -5,    0,   -5,   -1,   -8,   -4,  -59,  -66, -121, -151, -344,  -66,  -96, -305, -313, -275, -247, -571, -439],
[   6,    2,    7,    3,    0,    4,    1,    5,    2,   39,   66,  110,  124,  257,    0,   48,  234,  209,  127,  101,  419,  265],
[  -5,   -3,   -6,   -3,   -1,   -2,   -1,   -2,   -1,  -18,  -60,  -66, -114, -153,  -38,  -76, -114,  -88,  -55,  -59, -218, -108]])
print(verify_infinite_order(f,g,M))





### Case C-46 ###

f=cyclotomic_polynomial(1)^2*cyclotomic_polynomial(4)*cyclotomic_polynomial(6)
g=cyclotomic_polynomial(7)
M=matrix([
[  0,   0,   0,   0,   0,   0,   1,   1,   2,   3,   3,   6,   6,   7,   7,  10,  10,  11,  11,  14,  14],
[ -5,  -3,  -2,  -1,  -1,  -1,  -4,  -3,  -5,  -3,  -2, -15,  -8, -18,  -7, -24, -19, -23, -22, -35, -28],
[  7,   1,   1,   0,   1,   1,   5,   4,   7,   7,   8,  28,  11,  32,   7,  35,  28,  31,  32,  52,  35],
[ -8,  -4,  -2,  -1,  -2,  -2,  -6,  -6,  -8,  -7, -11, -28,  -8, -35,  -7, -32, -28, -31, -35, -52, -32],
[  5,   1,   1,   1,   1,   1,   4,   4,   4,   7,   8,  19,   2,  28,   3,  22,  15,  23,  24,  35,  18],
[ -3,  -2,  -1,  -1,  -2,  -1,  -2,  -2,  -2,  -7,  -6, -10,  -3, -14,  -3, -11,  -6, -11, -10, -14,  -7]])
print(verify_finite_order(f,g,M))





### Case C-48 ###

f=cyclotomic_polynomial(1)^2*cyclotomic_polynomial(6)^2
g=cyclotomic_polynomial(2)^2*cyclotomic_polynomial(3)^2
M=matrix([
[   0,    0,    0,    0,    0,    0,    0,    1,    1,    2,    3,    3,    3,    5,    5,    8,   21,   40,   58],
[  -8,   -3,   -2,   -1,   -1,   -1,   -1,   -3,   -1,   -5,  -11,   -7,   -2,  -17,  -15,  -30,  -76, -139, -192],
[  16,    3,    0,    0,    0,    0,    1,    7,    1,   14,   21,    9,    0,   29,   23,   59,  138,  244,  325],
[ -21,   -6,   -2,   -3,   -3,   -3,   -3,   -9,   -1,  -20,  -23,   -7,   -5,  -29,  -21,  -66, -151, -262, -336],
[  15,    4,    0,    0,    0,    1,    0,    7,    1,   11,   15,    3,    0,   17,   11,   44,  102,  169,  202],
[  -8,   -2,   -1,   -5,   -1,   -1,   -1,   -3,   -1,   -8,   -5,   -1,   -2,   -5,   -3,  -21,  -40,  -58,  -63]])
print(verify_infinite_order(f,g,M))





### Case C-49 ###

f=cyclotomic_polynomial(1)^2*cyclotomic_polynomial(6)^2
g=cyclotomic_polynomial(2)^2*cyclotomic_polynomial(5)
M=matrix([
[    0,     0,     0,     0,     1,     1,     3,     3,     5,     5,    14,   119,   442,   918,  1220,  1284],
[   -6,    -2,    -1,    -1,    -3,    -1,   -11,    -7,   -17,   -15,   -14,  -462, -1649, -3230, -3758, -4218],
[    6,     0,     0,     1,     7,     1,    21,     9,    29,    23,    42,   938,  3074,  5695,  5920,  7042],
[  -16,    -3,    -2,    -2,    -9,    -1,   -23,    -7,   -29,   -21,  -102, -1148, -3482, -6106, -5644, -7145],
[    6,     1,     0,     1,     7,     1,    15,     3,    17,    11,    34,   850,  2388,  3862,  2993,  4166],
[   -5,    -2,    -1,    -1,    -3,    -1,    -5,    -1,    -5,    -3,  -119,  -442,  -918, -1284,  -876, -1274]])
print(verify_infinite_order(f,g,M))





### Case C-50 ###

f=cyclotomic_polynomial(1)^2*cyclotomic_polynomial(6)^2
g=cyclotomic_polynomial(2)^2*cyclotomic_polynomial(8)
M=matrix([
[   0,    0,    0,    0,    0,    0,    1,    1,    1,    2,    2,    2,    3,    3,    5,    5,    5,    7,    9,   11,   11,   14,   20,   23,   27],
[  -7,   -2,   -2,   -1,   -1,   -1,   -6,   -3,   -1,  -15,   -9,   -8,  -11,   -7,  -19,  -17,  -15,  -23,  -34,  -39,  -30,  -45,  -71,  -65,  -88],
[   8,    3,    3,    0,    0,    2,    7,    7,    1,   28,   15,   14,   21,    9,   34,   29,   23,   33,   63,   69,   43,   73,  126,   96,  145],
[  -8,   -5,   -4,   -1,    0,   -3,  -10,   -9,   -1,  -31,  -19,  -17,  -23,   -7,  -43,  -29,  -21,  -28,  -75,  -76,  -37,  -71, -137,  -85, -144],
[   1,    4,    3,    1,    0,    2,    9,    7,    1,   21,   16,   11,   15,    3,   30,   17,   11,   13,   53,   45,   17,   36,   85,   40,   79],
[  -2,   -2,   -2,   -2,   -1,   -1,   -5,   -3,   -1,   -9,   -9,   -4,   -5,   -1,  -11,   -5,   -3,   -6,  -20,  -14,   -8,  -11,  -27,  -13,  -23]])
print(verify_infinite_order(f,g,M))





### Case C-52 ###

f=cyclotomic_polynomial(1)^2*cyclotomic_polynomial(6)^2
g=cyclotomic_polynomial(7)
M=matrix([
[  0,   0,   0,   0,   1,   1,   1,   2,   3,   3,   3,   5,   5,   5,   5],
[ -4,  -3,  -2,  -1,  -4,  -3,  -1,  -6, -11, -11,  -7, -17, -17, -15, -15],
[  6,   4,   3,   1,   7,   7,   1,   8,  20,  21,   9,  29,  29,  23,  23],
[ -7,  -8,  -5,  -1,  -9,  -9,  -1,  -6, -23, -23,  -7, -30, -29, -21, -21],
[  3,   6,   3,   1,   7,   7,   1,   2,  15,  15,   3,  17,  17,  10,  11],
[ -2,  -4,  -2,  -1,  -3,  -3,  -1,  -1,  -5,  -5,  -1,  -5,  -5,  -3,  -3]])
print(verify_finite_order(f,g,M))





### Case C-53 ###

f=cyclotomic_polynomial(1)^2*cyclotomic_polynomial(6)^2
g=cyclotomic_polynomial(9)
M=matrix([
[   0,    0,    0,    0,    1,    1,    1,    2,    2,    2,    3,    3,    3,    3,    4,    4,    5,    5,    5,    5,    5,    7,    9,   10,   12,   13,   17,   22],
[  -3,   -2,   -1,   -1,   -5,   -4,   -2,  -11,   -7,   -4,  -19,  -14,  -11,   -7,  -14,  -11,  -17,  -17,  -16,  -15,  -14,  -31,  -24,  -37,  -35,  -42,  -61,  -71],
[   6,    5,    1,    2,    9,    7,    4,   18,   14,    5,   35,   21,   20,    9,   25,   16,   26,   29,   26,   23,   20,   58,   37,   61,   54,   67,  105,  115],
[  -7,   -7,   -1,   -3,  -10,   -9,   -5,  -21,  -16,   -4,  -40,  -23,  -23,   -7,  -26,  -14,  -29,  -30,  -25,  -21,  -18,  -67,  -36,  -65,  -53,  -69, -112, -115],
[   4,    5,    1,    2,    6,    7,    4,   13,   11,    2,   27,   13,   15,    3,   16,    7,   17,   17,   14,   10,    9,   46,   19,   40,   27,   39,   69,   64],
[  -2,   -2,   -1,   -1,   -2,   -3,   -2,   -5,   -4,   -1,  -10,   -5,   -5,   -2,   -5,   -2,   -7,   -5,   -4,   -3,   -3,  -17,   -9,  -13,   -9,  -12,  -22,  -19]])
print(verify_finite_order(f,g,M))





### Case C-54 ###

f=cyclotomic_polynomial(1)^2*cyclotomic_polynomial(8)
g=cyclotomic_polynomial(2)^2*cyclotomic_polynomial(5)
M=matrix([
[ 0,  0,  0,  0,  0,  0,  0,  1,  1,  1,  1,  1,  1,  2,  2,  2,  2],
[-2, -2, -1, -1, -1, -1, -1, -2, -1, -1, -1, -1,  0, -3, -2, -2, -2],
[-1, -1, -1, -1,  0,  0,  1,  0, -1,  0,  0,  1, -1,  1, -1,  0,  0],
[-2, -1, -1,  0, -1,  0, -1,  1,  0,  0,  1, -1,  0,  0,  1, -1,  0],
[-2, -1,  0,  0, -1,  0,  1,  0,  2,  2,  0,  1,  1,  2,  2,  3,  1],
[-2, -1, -1, -1, -2, -1, -1, -1, -2, -2, -1, -1, -1, -2, -2, -2, -1]])
print(verify_infinite_order(f,g,M))





### Case C-56 ###

f=cyclotomic_polynomial(1)^2*cyclotomic_polynomial(10)
g=cyclotomic_polynomial(2)^2*cyclotomic_polynomial(5)
M=matrix([
[  0,   0,   0,   0,   0,   1,   1,   1,   1,   2,   2,   3,   3,   4,   4,   5,   5],
[ -2,  -1,  -1,  -1,  -1,  -2,  -1,  -1,  -1,  -5,  -3,  -7,  -5,  -9,  -7, -11, -10],
[  0,   0,   0,   1,   1,   3,   0,   1,   1,   6,   3,   7,   5,   9,   6,  11,   9],
[ -2,  -2,  -2,  -2,  -1,  -3,  -2,  -1,  -1,  -5,  -3,  -6,  -6,  -9,  -7, -11,  -9],
[  0,   0,   0,   0,   1,   3,   0,   1,   1,   5,   2,   7,   5,  10,   7,  11,   9],
[ -1,  -2,  -1,  -2,  -1,  -2,  -2,  -2,  -1,  -3,  -1,  -4,  -2,  -5,  -3,  -5,  -4]])
print(verify_infinite_order(f,g,M))





### Case C-57 ###

f=cyclotomic_polynomial(1)^2*cyclotomic_polynomial(10)
g=cyclotomic_polynomial(2)^2*cyclotomic_polynomial(12)
M=matrix([
[  0,   0,   0,   0,   0,   0,   1,   1,   1,   2,   2,   3,   3,   4,   4,   5,   5,   5,   5,   7,  21,  28],
[-18, -15,  -4,  -4,  -4,  -1, -16,  -2,  -1,  -5,  -3,  -7,  -5,  -9,  -7, -20, -13, -11, -10,  -8, -63, -63],
[ 12,   0,   4,   4,   5,   1,  13,   3,   1,   6,   3,   7,   5,   9,   6,  34,  14,  11,   9,  -2,  69,  49],
[  0, -15,  -3,  -1,  -3,   0,  -6,  -3,  -1,  -5,  -3,  -6,  -6,  -9,  -7, -59, -14, -11,  -9,  -5, -84, -43],
[ 12,  35,   5,   0,   1,   0,  16,   3,   1,   5,   2,   7,   5,  10,   7,  41,  15,  11,   9,   8,  69,  28],
[-17, -21,  -4,  -2,  -2,  -1, -16,  -2,  -1,  -3,  -1,  -4,  -2,  -5,  -3, -22,  -8,  -5,  -4,  -8, -28, -15]])
print(verify_infinite_order(f,g,M))





### Case C-58 ###

f=cyclotomic_polynomial(1)^2*cyclotomic_polynomial(10)
g=cyclotomic_polynomial(7)
M=matrix([
[  0,   0,   0,   1,   1,   1,   2,   2,   3,   3,   4,   4,   5,   5],
[ -1,  -1,  -1,  -2,  -2,  -1,  -5,  -3,  -7,  -5,  -9,  -7, -11, -10],
[  0,   1,   1,   2,   3,   1,   6,   3,   7,   5,   9,   6,  11,   9],
[ -1,  -2,  -1,  -2,  -3,  -1,  -5,  -3,  -6,  -6,  -9,  -7, -11,  -9],
[  0,   1,   1,   1,   3,   1,   5,   2,   7,   5,  10,   7,  11,   9],
[ -1,  -1,  -1,  -1,  -2,  -1,  -3,  -1,  -4,  -2,  -5,  -3,  -5,  -4]])
print(verify_finite_order(f,g,M))





### Case 27 ###

f=cyclotomic_polynomial(1)^2*cyclotomic_polynomial(4)
g=cyclotomic_polynomial(2)^2*cyclotomic_polynomial(3)
M=matrix([
[ 0,  0,  0,  0,  1,  1],
[-5, -5, -1, -1, -2, -1],
[ 0,  4, -1,  0, -3,  1],
[-1, -5, -1, -5, -2, -1]])
print(verify_infinite_order(f,g,M))





### Case 35 ###

f=cyclotomic_polynomial(1)^2*cyclotomic_polynomial(6)
g=cyclotomic_polynomial(2)^2*cyclotomic_polynomial(3)
M=matrix([
[ 0,  0,  0,  1,  1,  1,  2,  2,  3,  3],
[-1, -1, -1, -2, -2, -1, -5, -3, -7, -6],
[ 0,  0,  1,  0,  3,  1,  6,  2,  7,  5],
[-2, -1, -1, -2, -2, -1, -3, -1, -3, -2]])
print(verify_infinite_order(f,g,M))





### Case 39 ###

f=cyclotomic_polynomial(1)^2*cyclotomic_polynomial(6)
g=cyclotomic_polynomial(5)
M=matrix([
[  0,   0,   1,   1,   1,   3,   4,   6],
[ -1,  -1,  -6,  -3,  -2,  -8, -11, -15],
[  0,   1,   4,   3,   2,   9,  11,  16],
[ -1,  -1,  -3,  -3,  -1,  -6,  -6,  -9]])
print(verify_finite_order(f,g,M))




